Month: Feburary
Account changes summary (highest to lowest)
Account     Change
ACC0007  :  30802.000000
ACC0029  :  26889.000000
ACC0006  :  24399.000000
ACC0005  :  23341.000000
ACC0023  :  20414.000000
ACC0033  :  12144.000000
ACC0049  :  12029.000000
ACC0040  :  11133.000000
ACC0027  :  8235.000000
ACC0035  :  7564.000000
ACC0034  :  -69.000000
ACC0021  :  -406.000000

Month: March
Account changes summary (highest to lowest)
Account     Change
ACC0007  :  20176.000000
ACC0006  :  14286.000000
ACC0005  :  12645.000000
ACC0049  :  12313.000000
ACC0033  :  11088.000000
ACC0027  :  7890.000000
ACC0034  :  5049.000000
ACC0023  :  4050.000000
ACC0040  :  3393.000000
ACC0021  :  303.000000
ACC0029  :  -3.000000
ACC0035  :  -17.000000

Month: April
Account changes summary (highest to lowest)
Account     Change
ACC0035  :  50153.000000
ACC0006  :  40650.000000
ACC0007  :  39293.000000
ACC0021  :  18042.000000
ACC0040  :  15389.000000
ACC0005  :  11755.000000
ACC0027  :  8310.000000
ACC0049  :  7815.000000
ACC0023  :  7587.000000
ACC0029  :  4607.000000
ACC0033  :  1185.000000
ACC0034  :  -317.000000

Month: Feburary
Stats on expenditures
Mean: 3467.2950819672
Median: 1873
Mode: 102

Month: March
Stats on expenditures
Mean: 6096.8082191781
Median: 3880
Mode: 118

Month: April
Stats on expenditures
Mean: 3957.8142857143
Median: 2464.5
Mode: 101